{
  "nbformat": 4,
  "nbformat_minor": 0,
  "metadata": {
    "colab": {
      "provenance": [],
      "gpuType": "T4",
      "authorship_tag": "ABX9TyP5MS3r+YPoSxmxrB45CWzv"
    },
    "kernelspec": {
      "name": "python3",
      "display_name": "Python 3"
    },
    "language_info": {
      "name": "python"
    },
    "accelerator": "GPU"
  },
  "cells": [
    {
      "cell_type": "code",
      "execution_count": 1,
      "metadata": {
        "id": "Mf2xQLAt8ehZ"
      },
      "outputs": [],
      "source": [
        "import torch\n",
        "from torch import nn"
      ]
    },
    {
      "cell_type": "code",
      "source": [
        "if torch.cuda.is_available():\n",
        "    device = torch.device('cuda')\n",
        "else:\n",
        "    device = torch.device('cpu')\n",
        "\n",
        "print(device)"
      ],
      "metadata": {
        "colab": {
          "base_uri": "https://localhost:8080/"
        },
        "id": "eySDgunC8lqD",
        "outputId": "7b2797b1-2401-42c3-dbe2-610f2276218a"
      },
      "execution_count": 2,
      "outputs": [
        {
          "output_type": "stream",
          "name": "stdout",
          "text": [
            "cuda\n"
          ]
        }
      ]
    },
    {
      "cell_type": "code",
      "source": [
        "from sklearn import datasets\n",
        "\n",
        "wine = datasets.load_wine()\n",
        "data = wine.data\n",
        "target = wine.target\n",
        "\n",
        "print(data.shape, target.shape)\n",
        "print(wine.feature_names, wine.target_names)"
      ],
      "metadata": {
        "colab": {
          "base_uri": "https://localhost:8080/"
        },
        "id": "elho9yMC8nvq",
        "outputId": "74136f2f-86ee-491d-ecef-58a69a258e57"
      },
      "execution_count": 3,
      "outputs": [
        {
          "output_type": "stream",
          "name": "stdout",
          "text": [
            "(178, 13) (178,)\n",
            "['alcohol', 'malic_acid', 'ash', 'alcalinity_of_ash', 'magnesium', 'total_phenols', 'flavanoids', 'nonflavanoid_phenols', 'proanthocyanins', 'color_intensity', 'hue', 'od280/od315_of_diluted_wines', 'proline'] ['class_0' 'class_1' 'class_2']\n"
          ]
        }
      ]
    },
    {
      "cell_type": "code",
      "source": [
        "class WineClassifier(nn.Module):\n",
        "\n",
        "    def __init__(self, input_size, hidden_size, out_size):\n",
        "        super(WineClassifier, self).__init__()\n",
        "\n",
        "        self.hidden = nn.Linear(input_size, hidden_size)\n",
        "        self.relu = nn.ReLU()\n",
        "        self.out = nn.Linear(hidden_size, out_size)\n",
        "        self.softmax = nn.Softmax()\n",
        "\n",
        "    def forward(self, X):\n",
        "\n",
        "        feature = self.relu(self.hidden(X))\n",
        "        output = self.softmax(self.out(feature))\n",
        "\n",
        "        return output\n",
        "\n",
        "input_size = data.shape[1]\n",
        "hidden_size = 40\n",
        "out_size = len(wine.target_names)\n",
        "\n",
        "net = WineClassifier(input_size, hidden_size, out_size).to(device)\n",
        "print(net)"
      ],
      "metadata": {
        "colab": {
          "base_uri": "https://localhost:8080/"
        },
        "id": "8OBZEnJm8qp3",
        "outputId": "9188ae83-45a2-4fdc-8176-f2fd36d555c8"
      },
      "execution_count": 22,
      "outputs": [
        {
          "output_type": "stream",
          "name": "stdout",
          "text": [
            "WineClassifier(\n",
            "  (hidden): Linear(in_features=13, out_features=40, bias=True)\n",
            "  (relu): ReLU()\n",
            "  (out): Linear(in_features=40, out_features=3, bias=True)\n",
            "  (softmax): Softmax(dim=None)\n",
            ")\n"
          ]
        }
      ]
    },
    {
      "cell_type": "code",
      "source": [
        "criterion = nn.CrossEntropyLoss().to(device)"
      ],
      "metadata": {
        "id": "6Oi9WmN-8vm9"
      },
      "execution_count": 23,
      "outputs": []
    },
    {
      "cell_type": "code",
      "source": [
        "Xtns = torch.from_numpy(data).float()\n",
        "Ytns = torch.from_numpy(target)\n",
        "\n",
        "Xtns = Xtns.to(device)\n",
        "Ytns = Ytns.to(device)\n",
        "\n",
        "print(Xtns.dtype, Ytns.dtype)"
      ],
      "metadata": {
        "colab": {
          "base_uri": "https://localhost:8080/"
        },
        "id": "x_m4zKQB85D6",
        "outputId": "1e09c79c-50e4-42d5-bd9f-ddba89fa63e2"
      },
      "execution_count": 24,
      "outputs": [
        {
          "output_type": "stream",
          "name": "stdout",
          "text": [
            "torch.float32 torch.int64\n"
          ]
        }
      ]
    },
    {
      "cell_type": "code",
      "source": [
        "pred = net(Xtns)\n",
        "print(pred.shape, Ytns.shape)\n",
        "print(pred.data, Ytns.data)"
      ],
      "metadata": {
        "colab": {
          "base_uri": "https://localhost:8080/"
        },
        "id": "l34r1M6P9II1",
        "outputId": "1affa67a-e263-4576-aae7-b33e116854c4"
      },
      "execution_count": 20,
      "outputs": [
        {
          "output_type": "stream",
          "name": "stdout",
          "text": [
            "torch.Size([178, 3]) torch.Size([178])\n",
            "tensor([[9.8439e-01, 1.5606e-02, 9.0850e-21],\n",
            "        [9.6866e-01, 3.1339e-02, 4.6631e-19],\n",
            "        [9.6562e-01, 3.4381e-02, 6.9268e-21],\n",
            "        [9.8491e-01, 1.5085e-02, 3.2142e-25],\n",
            "        [9.5650e-01, 4.3503e-02, 3.5083e-16],\n",
            "        [9.8461e-01, 1.5386e-02, 9.6333e-25],\n",
            "        [9.6959e-01, 3.0414e-02, 7.3124e-22],\n",
            "        [9.8304e-01, 1.6962e-02, 2.5450e-23],\n",
            "        [9.6067e-01, 3.9333e-02, 8.4439e-19],\n",
            "        [9.6111e-01, 3.8891e-02, 5.5860e-19],\n",
            "        [9.7938e-01, 2.0615e-02, 4.2284e-25],\n",
            "        [9.6392e-01, 3.6084e-02, 1.1260e-21],\n",
            "        [9.6122e-01, 3.8781e-02, 7.2951e-22],\n",
            "        [9.6473e-01, 3.5274e-02, 9.6325e-20],\n",
            "        [9.8502e-01, 1.4981e-02, 2.1495e-25],\n",
            "        [9.7971e-01, 2.0290e-02, 4.6535e-23],\n",
            "        [9.8076e-01, 1.9238e-02, 4.3781e-23],\n",
            "        [9.7343e-01, 2.6573e-02, 5.9644e-21],\n",
            "        [9.8651e-01, 1.3487e-02, 1.8946e-27],\n",
            "        [9.6918e-01, 3.0823e-02, 1.9439e-17],\n",
            "        [9.7644e-01, 2.3555e-02, 3.7908e-17],\n",
            "        [9.3923e-01, 6.0772e-02, 8.5220e-16],\n",
            "        [9.5975e-01, 4.0246e-02, 6.2168e-19],\n",
            "        [9.4845e-01, 5.1545e-02, 2.1268e-18],\n",
            "        [9.3073e-01, 6.9274e-02, 2.5707e-16],\n",
            "        [9.6138e-01, 3.8621e-02, 1.0687e-17],\n",
            "        [9.5905e-01, 4.0948e-02, 1.6098e-20],\n",
            "        [9.6188e-01, 3.8122e-02, 1.1104e-21],\n",
            "        [9.5546e-01, 4.4539e-02, 8.9686e-18],\n",
            "        [9.5578e-01, 4.4224e-02, 1.1218e-18],\n",
            "        [9.6256e-01, 3.7438e-02, 4.2563e-22],\n",
            "        [9.7965e-01, 2.0346e-02, 2.7663e-25],\n",
            "        [9.5995e-01, 4.0053e-02, 1.6022e-18],\n",
            "        [9.8612e-01, 1.3880e-02, 3.6472e-23],\n",
            "        [9.6767e-01, 3.2325e-02, 3.3556e-20],\n",
            "        [9.4432e-01, 5.5680e-02, 1.6315e-17],\n",
            "        [9.6492e-01, 3.5077e-02, 1.6568e-17],\n",
            "        [9.5643e-01, 4.3572e-02, 1.1510e-19],\n",
            "        [9.5694e-01, 4.3059e-02, 1.4564e-18],\n",
            "        [9.7812e-01, 2.1877e-02, 5.1118e-17],\n",
            "        [9.7001e-01, 2.9992e-02, 7.1221e-17],\n",
            "        [9.3281e-01, 6.7191e-02, 2.0664e-18],\n",
            "        [9.6605e-01, 3.3947e-02, 1.0743e-19],\n",
            "        [9.3534e-01, 6.4663e-02, 1.0609e-14],\n",
            "        [9.6104e-01, 3.8964e-02, 1.9219e-17],\n",
            "        [9.6554e-01, 3.4458e-02, 3.9532e-20],\n",
            "        [9.6184e-01, 3.8156e-02, 2.2628e-19],\n",
            "        [9.6086e-01, 3.9136e-02, 2.3764e-18],\n",
            "        [9.6096e-01, 3.9038e-02, 2.0432e-19],\n",
            "        [9.7690e-01, 2.3103e-02, 2.8862e-22],\n",
            "        [9.6708e-01, 3.2918e-02, 5.9520e-20],\n",
            "        [9.6339e-01, 3.6612e-02, 1.8470e-21],\n",
            "        [9.7968e-01, 2.0324e-02, 1.9111e-21],\n",
            "        [9.8281e-01, 1.7188e-02, 5.3063e-24],\n",
            "        [9.7781e-01, 2.2192e-02, 3.0736e-20],\n",
            "        [9.7434e-01, 2.5662e-02, 6.6207e-21],\n",
            "        [9.7578e-01, 2.4217e-02, 4.2364e-19],\n",
            "        [9.7116e-01, 2.8836e-02, 5.6383e-22],\n",
            "        [9.7762e-01, 2.2385e-02, 1.7502e-22],\n",
            "        [9.1312e-01, 8.6884e-02, 9.6161e-12],\n",
            "        [9.3737e-01, 6.2630e-02, 1.6228e-14],\n",
            "        [9.1621e-01, 8.3787e-02, 1.0664e-11],\n",
            "        [9.1050e-01, 8.9502e-02, 1.6640e-13],\n",
            "        [8.6837e-01, 1.3163e-01, 1.5875e-10],\n",
            "        [9.1089e-01, 8.9107e-02, 2.0926e-10],\n",
            "        [9.3178e-01, 6.8220e-02, 2.3036e-14],\n",
            "        [8.7504e-01, 1.2496e-01, 4.6285e-11],\n",
            "        [8.4147e-01, 1.5853e-01, 2.8835e-11],\n",
            "        [9.5315e-01, 4.6853e-02, 7.6416e-16],\n",
            "        [9.8804e-01, 1.1957e-02, 9.6431e-18],\n",
            "        [9.4411e-01, 5.5892e-02, 4.4946e-17],\n",
            "        [8.1303e-01, 1.8697e-01, 2.3882e-10],\n",
            "        [8.3297e-01, 1.6703e-01, 2.9364e-11],\n",
            "        [9.7439e-01, 2.5611e-02, 1.9713e-20],\n",
            "        [9.4264e-01, 5.7356e-02, 4.2599e-17],\n",
            "        [9.0934e-01, 9.0655e-02, 3.1369e-11],\n",
            "        [8.7576e-01, 1.2424e-01, 3.8237e-10],\n",
            "        [9.3725e-01, 6.2754e-02, 5.9452e-13],\n",
            "        [9.8372e-01, 1.6276e-02, 2.6266e-17],\n",
            "        [8.8542e-01, 1.1458e-01, 7.3044e-12],\n",
            "        [8.4897e-01, 1.5103e-01, 2.2164e-08],\n",
            "        [9.0019e-01, 9.9807e-02, 3.6026e-14],\n",
            "        [8.2572e-01, 1.7428e-01, 1.0635e-12],\n",
            "        [8.3868e-01, 1.6132e-01, 8.8992e-12],\n",
            "        [9.1067e-01, 8.9331e-02, 3.4662e-12],\n",
            "        [9.0963e-01, 9.0373e-02, 1.5771e-11],\n",
            "        [8.5964e-01, 1.4036e-01, 1.1596e-11],\n",
            "        [8.4393e-01, 1.5607e-01, 1.8695e-12],\n",
            "        [8.7245e-01, 1.2755e-01, 1.0814e-13],\n",
            "        [7.8764e-01, 2.1236e-01, 3.2229e-12],\n",
            "        [8.4961e-01, 1.5039e-01, 5.4543e-11],\n",
            "        [8.4827e-01, 1.5173e-01, 5.6641e-11],\n",
            "        [8.3426e-01, 1.6574e-01, 3.7476e-11],\n",
            "        [8.5599e-01, 1.4401e-01, 1.0655e-08],\n",
            "        [8.9786e-01, 1.0214e-01, 4.7994e-10],\n",
            "        [9.9283e-01, 7.1672e-03, 4.8015e-21],\n",
            "        [9.6864e-01, 3.1356e-02, 1.0303e-15],\n",
            "        [8.7487e-01, 1.2513e-01, 1.7426e-10],\n",
            "        [9.0490e-01, 9.5095e-02, 1.4821e-13],\n",
            "        [8.6777e-01, 1.3223e-01, 2.2443e-10],\n",
            "        [9.2943e-01, 7.0573e-02, 1.0564e-14],\n",
            "        [8.8671e-01, 1.1329e-01, 2.2595e-12],\n",
            "        [8.8767e-01, 1.1233e-01, 2.0608e-11],\n",
            "        [8.5173e-01, 1.4827e-01, 1.9922e-10],\n",
            "        [8.8218e-01, 1.1782e-01, 1.3203e-13],\n",
            "        [8.4464e-01, 1.5536e-01, 3.5305e-09],\n",
            "        [8.5162e-01, 1.4838e-01, 2.3677e-11],\n",
            "        [8.3820e-01, 1.6180e-01, 2.5924e-11],\n",
            "        [8.7780e-01, 1.2220e-01, 3.2951e-09],\n",
            "        [9.1715e-01, 8.2854e-02, 3.6959e-14],\n",
            "        [9.3478e-01, 6.5215e-02, 1.9491e-13],\n",
            "        [8.3221e-01, 1.6779e-01, 2.9233e-09],\n",
            "        [9.2307e-01, 7.6935e-02, 7.9158e-14],\n",
            "        [8.6079e-01, 1.3921e-01, 8.4725e-11],\n",
            "        [8.1904e-01, 1.8096e-01, 5.3015e-10],\n",
            "        [8.3924e-01, 1.6076e-01, 2.8835e-10],\n",
            "        [8.5978e-01, 1.4022e-01, 1.8571e-11],\n",
            "        [9.1131e-01, 8.8695e-02, 2.6884e-10],\n",
            "        [8.3176e-01, 1.6824e-01, 1.2074e-09],\n",
            "        [8.7488e-01, 1.2512e-01, 2.3522e-12],\n",
            "        [9.1264e-01, 8.7359e-02, 1.2177e-13],\n",
            "        [9.2790e-01, 7.2099e-02, 8.9443e-13],\n",
            "        [8.6107e-01, 1.3893e-01, 2.1244e-10],\n",
            "        [8.1344e-01, 1.8656e-01, 4.4382e-10],\n",
            "        [8.1946e-01, 1.8054e-01, 7.2312e-10],\n",
            "        [8.3130e-01, 1.6870e-01, 5.8380e-10],\n",
            "        [8.3509e-01, 1.6491e-01, 1.1236e-09],\n",
            "        [8.2726e-01, 1.7274e-01, 1.6424e-11],\n",
            "        [8.2119e-01, 1.7881e-01, 1.7700e-09],\n",
            "        [8.2506e-01, 1.7494e-01, 2.8633e-12],\n",
            "        [9.6187e-01, 3.8130e-02, 4.2593e-15],\n",
            "        [9.1643e-01, 8.3574e-02, 5.6101e-13],\n",
            "        [8.8836e-01, 1.1164e-01, 4.5371e-13],\n",
            "        [9.1979e-01, 8.0214e-02, 5.9894e-14],\n",
            "        [8.9785e-01, 1.0215e-01, 2.1304e-13],\n",
            "        [9.1971e-01, 8.0292e-02, 1.5068e-14],\n",
            "        [8.8348e-01, 1.1652e-01, 1.5072e-14],\n",
            "        [8.5735e-01, 1.4265e-01, 1.8887e-12],\n",
            "        [8.7647e-01, 1.2353e-01, 9.5081e-13],\n",
            "        [8.9775e-01, 1.0225e-01, 1.4537e-13],\n",
            "        [8.9866e-01, 1.0134e-01, 2.0364e-13],\n",
            "        [9.0529e-01, 9.4715e-02, 2.6922e-15],\n",
            "        [8.7386e-01, 1.2614e-01, 1.8305e-12],\n",
            "        [8.7506e-01, 1.2494e-01, 1.5074e-12],\n",
            "        [9.6102e-01, 3.8980e-02, 1.2994e-17],\n",
            "        [9.3306e-01, 6.6938e-02, 1.4035e-16],\n",
            "        [7.9882e-01, 2.0118e-01, 2.6921e-10],\n",
            "        [8.6658e-01, 1.3342e-01, 2.4447e-13],\n",
            "        [8.9692e-01, 1.0308e-01, 6.1287e-14],\n",
            "        [9.3652e-01, 6.3478e-02, 6.9215e-14],\n",
            "        [9.4463e-01, 5.5369e-02, 9.9867e-14],\n",
            "        [9.3328e-01, 6.6715e-02, 5.2487e-13],\n",
            "        [9.2772e-01, 7.2277e-02, 4.6015e-12],\n",
            "        [9.3177e-01, 6.8227e-02, 1.2355e-14],\n",
            "        [9.3452e-01, 6.5479e-02, 2.2708e-14],\n",
            "        [9.0009e-01, 9.9905e-02, 5.8721e-15],\n",
            "        [8.7440e-01, 1.2560e-01, 1.1276e-11],\n",
            "        [9.1182e-01, 8.8182e-02, 4.1792e-17],\n",
            "        [9.1643e-01, 8.3575e-02, 1.7471e-14],\n",
            "        [8.9647e-01, 1.0353e-01, 1.8004e-13],\n",
            "        [8.6639e-01, 1.3361e-01, 4.1777e-12],\n",
            "        [9.3481e-01, 6.5190e-02, 5.3647e-15],\n",
            "        [9.1840e-01, 8.1603e-02, 1.2657e-13],\n",
            "        [9.3766e-01, 6.2337e-02, 6.7048e-15],\n",
            "        [8.8619e-01, 1.1381e-01, 1.9680e-13],\n",
            "        [8.4943e-01, 1.5057e-01, 4.4201e-12],\n",
            "        [9.4143e-01, 5.8573e-02, 1.3002e-15],\n",
            "        [9.0172e-01, 9.8277e-02, 3.0745e-14],\n",
            "        [9.3002e-01, 6.9977e-02, 6.7181e-16],\n",
            "        [9.2650e-01, 7.3500e-02, 8.1238e-15],\n",
            "        [8.9955e-01, 1.0045e-01, 2.3995e-12],\n",
            "        [8.6963e-01, 1.3037e-01, 1.9146e-11],\n",
            "        [9.0524e-01, 9.4760e-02, 5.1955e-14],\n",
            "        [9.0892e-01, 9.1075e-02, 3.1343e-15],\n",
            "        [9.2296e-01, 7.7043e-02, 1.0700e-15],\n",
            "        [9.6655e-01, 3.3452e-02, 7.5367e-18],\n",
            "        [9.6844e-01, 3.1563e-02, 7.4999e-18],\n",
            "        [8.8000e-01, 1.2000e-01, 4.4878e-13]], device='cuda:0') tensor([0, 0, 0, 0, 0, 0, 0, 0, 0, 0, 0, 0, 0, 0, 0, 0, 0, 0, 0, 0, 0, 0, 0, 0,\n",
            "        0, 0, 0, 0, 0, 0, 0, 0, 0, 0, 0, 0, 0, 0, 0, 0, 0, 0, 0, 0, 0, 0, 0, 0,\n",
            "        0, 0, 0, 0, 0, 0, 0, 0, 0, 0, 0, 1, 1, 1, 1, 1, 1, 1, 1, 1, 1, 1, 1, 1,\n",
            "        1, 1, 1, 1, 1, 1, 1, 1, 1, 1, 1, 1, 1, 1, 1, 1, 1, 1, 1, 1, 1, 1, 1, 1,\n",
            "        1, 1, 1, 1, 1, 1, 1, 1, 1, 1, 1, 1, 1, 1, 1, 1, 1, 1, 1, 1, 1, 1, 1, 1,\n",
            "        1, 1, 1, 1, 1, 1, 1, 1, 1, 1, 2, 2, 2, 2, 2, 2, 2, 2, 2, 2, 2, 2, 2, 2,\n",
            "        2, 2, 2, 2, 2, 2, 2, 2, 2, 2, 2, 2, 2, 2, 2, 2, 2, 2, 2, 2, 2, 2, 2, 2,\n",
            "        2, 2, 2, 2, 2, 2, 2, 2, 2, 2], device='cuda:0')\n"
          ]
        },
        {
          "output_type": "stream",
          "name": "stderr",
          "text": [
            "<ipython-input-17-a1414db4a25d>:14: UserWarning: Implicit dimension choice for softmax has been deprecated. Change the call to include dim=X as an argument.\n",
            "  output = self.softmax(self.out(feature))\n"
          ]
        }
      ]
    },
    {
      "cell_type": "code",
      "source": [
        "loss = criterion(pred, Ytns)\n",
        "print(loss)"
      ],
      "metadata": {
        "colab": {
          "base_uri": "https://localhost:8080/"
        },
        "id": "UYcLm_gg9U4y",
        "outputId": "38191be9-24e0-45c2-8c46-420f44759f0d"
      },
      "execution_count": 25,
      "outputs": [
        {
          "output_type": "stream",
          "name": "stdout",
          "text": [
            "tensor(1.1565, device='cuda:0', grad_fn=<NllLossBackward0>)\n"
          ]
        }
      ]
    }
  ]
}